192 192 192 192 223 223 223 223 223 223 192 192 192 192 192 192
192 192 192 192 223 223 223 223 223 223 192 192 192 192 192 192
192 192 192 192 223 223 223 223 223 223 192 192 192 192 192 192
192 192 192 192 223 223 223 223 223 223 192 192 192 192 192 192
160 160 160 160 160 128 128 128 128 128 192 192 192 192 192 192
160 160 160 160 160 128 128 128 128 128 255 255 255 255 255 255
160 160 160 160 160 128 128 128 128 128 255 255 255 255 255 255
160 160 160 160 160 128 128 128 128 128 255 255 255 255 255 255
160 160 160 160 160 128 128 128 128 128 255 255 255 255 255 255
160 160 160 160 160 128 128 128 128 128 255 255 255 255 255 255
160 160 160 160 160 160 160 160 160 160 255 255 255 255 255 255
160 160 160 160 160 160 160 160 160 160 128 128 128 128 128 128
255 255 255 255 255 160 160 160 160 160 128 128 128 128 128 128
255 255 255 255 255 160 160 160 160 160 128 128 128 128 128 128
255 255 255 255 255 160 160 160 160 160 128 128 128 128 128 128
255 255 255 255 255 160 160 160 160 160 128 128 128 128 128 128
